{
 "cells": [
  {
   "cell_type": "code",
   "execution_count": 7,
   "id": "6bc44e7a",
   "metadata": {},
   "outputs": [
    {
     "data": {
      "text/html": [
       "<div>\n",
       "<style scoped>\n",
       "    .dataframe tbody tr th:only-of-type {\n",
       "        vertical-align: middle;\n",
       "    }\n",
       "\n",
       "    .dataframe tbody tr th {\n",
       "        vertical-align: top;\n",
       "    }\n",
       "\n",
       "    .dataframe thead th {\n",
       "        text-align: right;\n",
       "    }\n",
       "</style>\n",
       "<table border=\"1\" class=\"dataframe\">\n",
       "  <thead>\n",
       "    <tr style=\"text-align: right;\">\n",
       "      <th></th>\n",
       "      <th>nama</th>\n",
       "      <th>nim</th>\n",
       "      <th>ttl</th>\n",
       "      <th>tinggi</th>\n",
       "    </tr>\n",
       "  </thead>\n",
       "  <tbody>\n",
       "    <tr>\n",
       "      <th>0</th>\n",
       "      <td>felix</td>\n",
       "      <td>65002300001</td>\n",
       "      <td>1/1/2005</td>\n",
       "      <td>171</td>\n",
       "    </tr>\n",
       "    <tr>\n",
       "      <th>1</th>\n",
       "      <td>dewanto</td>\n",
       "      <td>65002300002</td>\n",
       "      <td>1/2/2005</td>\n",
       "      <td>165</td>\n",
       "    </tr>\n",
       "    <tr>\n",
       "      <th>2</th>\n",
       "      <td>bambang</td>\n",
       "      <td>65002300003</td>\n",
       "      <td>1/3/2005</td>\n",
       "      <td>175</td>\n",
       "    </tr>\n",
       "    <tr>\n",
       "      <th>3</th>\n",
       "      <td>rayyan</td>\n",
       "      <td>65002300004</td>\n",
       "      <td>1/4/2005</td>\n",
       "      <td>172</td>\n",
       "    </tr>\n",
       "    <tr>\n",
       "      <th>4</th>\n",
       "      <td>bayu</td>\n",
       "      <td>65002300005</td>\n",
       "      <td>1/5/2005</td>\n",
       "      <td>130</td>\n",
       "    </tr>\n",
       "  </tbody>\n",
       "</table>\n",
       "</div>"
      ],
      "text/plain": [
       "      nama          nim       ttl  tinggi\n",
       "0    felix  65002300001  1/1/2005     171\n",
       "1  dewanto  65002300002  1/2/2005     165\n",
       "2  bambang  65002300003  1/3/2005     175\n",
       "3   rayyan  65002300004  1/4/2005     172\n",
       "4     bayu  65002300005  1/5/2005     130"
      ]
     },
     "execution_count": 7,
     "metadata": {},
     "output_type": "execute_result"
    }
   ],
   "source": [
    "import pandas as pd\n",
    "# Membuat dataframe dari data yang disalin ke clipboard\n",
    "df = pd.read_clipboard()\n",
    "df\n"
   ]
  },
  {
   "cell_type": "code",
   "execution_count": 8,
   "id": "d0e652aa",
   "metadata": {},
   "outputs": [
    {
     "data": {
      "text/html": [
       "<div>\n",
       "<style scoped>\n",
       "    .dataframe tbody tr th:only-of-type {\n",
       "        vertical-align: middle;\n",
       "    }\n",
       "\n",
       "    .dataframe tbody tr th {\n",
       "        vertical-align: top;\n",
       "    }\n",
       "\n",
       "    .dataframe thead th {\n",
       "        text-align: right;\n",
       "    }\n",
       "</style>\n",
       "<table border=\"1\" class=\"dataframe\">\n",
       "  <thead>\n",
       "    <tr style=\"text-align: right;\">\n",
       "      <th></th>\n",
       "      <th>nama</th>\n",
       "      <th>nim</th>\n",
       "      <th>ttl</th>\n",
       "      <th>tinggi</th>\n",
       "    </tr>\n",
       "  </thead>\n",
       "  <tbody>\n",
       "    <tr>\n",
       "      <th>0</th>\n",
       "      <td>felix</td>\n",
       "      <td>65002300001</td>\n",
       "      <td>1/1/2005</td>\n",
       "      <td>171</td>\n",
       "    </tr>\n",
       "    <tr>\n",
       "      <th>1</th>\n",
       "      <td>dewanto</td>\n",
       "      <td>65002300002</td>\n",
       "      <td>1/2/2005</td>\n",
       "      <td>165</td>\n",
       "    </tr>\n",
       "    <tr>\n",
       "      <th>2</th>\n",
       "      <td>bambang</td>\n",
       "      <td>65002300003</td>\n",
       "      <td>1/3/2005</td>\n",
       "      <td>175</td>\n",
       "    </tr>\n",
       "    <tr>\n",
       "      <th>3</th>\n",
       "      <td>rayyan</td>\n",
       "      <td>65002300004</td>\n",
       "      <td>1/4/2005</td>\n",
       "      <td>172</td>\n",
       "    </tr>\n",
       "    <tr>\n",
       "      <th>4</th>\n",
       "      <td>bayu</td>\n",
       "      <td>65002300005</td>\n",
       "      <td>1/5/2005</td>\n",
       "      <td>130</td>\n",
       "    </tr>\n",
       "  </tbody>\n",
       "</table>\n",
       "</div>"
      ],
      "text/plain": [
       "      nama          nim       ttl  tinggi\n",
       "0    felix  65002300001  1/1/2005     171\n",
       "1  dewanto  65002300002  1/2/2005     165\n",
       "2  bambang  65002300003  1/3/2005     175\n",
       "3   rayyan  65002300004  1/4/2005     172\n",
       "4     bayu  65002300005  1/5/2005     130"
      ]
     },
     "execution_count": 8,
     "metadata": {},
     "output_type": "execute_result"
    }
   ],
   "source": [
    "df"
   ]
  },
  {
   "cell_type": "code",
   "execution_count": 9,
   "id": "153b4977",
   "metadata": {},
   "outputs": [
    {
     "data": {
      "text/plain": [
       "162.6"
      ]
     },
     "execution_count": 9,
     "metadata": {},
     "output_type": "execute_result"
    }
   ],
   "source": [
    "rata_tinggi = df[\"tinggi\"].mean()\n",
    "rata_tinggi"
   ]
  },
  {
   "cell_type": "code",
   "execution_count": 10,
   "id": "4d3856d1",
   "metadata": {},
   "outputs": [
    {
     "name": "stdout",
     "output_type": "stream",
     "text": [
      "nama      object\n",
      "nim        int64\n",
      "ttl       object\n",
      "tinggi     int64\n",
      "dtype: object\n"
     ]
    }
   ],
   "source": [
    "print(df.dtypes)"
   ]
  },
  {
   "cell_type": "code",
   "execution_count": 11,
   "id": "1db8a123",
   "metadata": {},
   "outputs": [],
   "source": [
    "df['nim'] = df['nim'].astype(str)"
   ]
  },
  {
   "cell_type": "code",
   "execution_count": 12,
   "id": "e17b4fd7",
   "metadata": {},
   "outputs": [
    {
     "name": "stdout",
     "output_type": "stream",
     "text": [
      "nama      object\n",
      "nim       object\n",
      "ttl       object\n",
      "tinggi     int64\n",
      "dtype: object\n"
     ]
    }
   ],
   "source": [
    "print(df.dtypes)"
   ]
  },
  {
   "cell_type": "code",
   "execution_count": 17,
   "id": "1fc31ad4",
   "metadata": {},
   "outputs": [
    {
     "data": {
      "text/html": [
       "<div>\n",
       "<style scoped>\n",
       "    .dataframe tbody tr th:only-of-type {\n",
       "        vertical-align: middle;\n",
       "    }\n",
       "\n",
       "    .dataframe tbody tr th {\n",
       "        vertical-align: top;\n",
       "    }\n",
       "\n",
       "    .dataframe thead th {\n",
       "        text-align: right;\n",
       "    }\n",
       "</style>\n",
       "<table border=\"1\" class=\"dataframe\">\n",
       "  <thead>\n",
       "    <tr style=\"text-align: right;\">\n",
       "      <th></th>\n",
       "      <th>nama</th>\n",
       "      <th>nim</th>\n",
       "      <th>ttl</th>\n",
       "      <th>tinggi</th>\n",
       "    </tr>\n",
       "  </thead>\n",
       "  <tbody>\n",
       "    <tr>\n",
       "      <th>0</th>\n",
       "      <td>felix</td>\n",
       "      <td>65002300001</td>\n",
       "      <td>1/1/2005</td>\n",
       "      <td>171</td>\n",
       "    </tr>\n",
       "    <tr>\n",
       "      <th>1</th>\n",
       "      <td>dewanto</td>\n",
       "      <td>65002300002</td>\n",
       "      <td>1/2/2005</td>\n",
       "      <td>165</td>\n",
       "    </tr>\n",
       "    <tr>\n",
       "      <th>2</th>\n",
       "      <td>bambang</td>\n",
       "      <td>65002300003</td>\n",
       "      <td>1/3/2005</td>\n",
       "      <td>175</td>\n",
       "    </tr>\n",
       "    <tr>\n",
       "      <th>3</th>\n",
       "      <td>rayyan</td>\n",
       "      <td>65002300004</td>\n",
       "      <td>1/4/2005</td>\n",
       "      <td>172</td>\n",
       "    </tr>\n",
       "    <tr>\n",
       "      <th>4</th>\n",
       "      <td>bayu</td>\n",
       "      <td>65002300005</td>\n",
       "      <td>1/5/2005</td>\n",
       "      <td>130</td>\n",
       "    </tr>\n",
       "    <tr>\n",
       "      <th>5</th>\n",
       "      <td>vira</td>\n",
       "      <td>65002300006</td>\n",
       "      <td>1/5/2005</td>\n",
       "      <td>175</td>\n",
       "    </tr>\n",
       "    <tr>\n",
       "      <th>6</th>\n",
       "      <td>adit</td>\n",
       "      <td>65002300007</td>\n",
       "      <td>1/5/2005</td>\n",
       "      <td>163</td>\n",
       "    </tr>\n",
       "    <tr>\n",
       "      <th>7</th>\n",
       "      <td>rayhan</td>\n",
       "      <td>65002300008</td>\n",
       "      <td>1/5/2005</td>\n",
       "      <td>180</td>\n",
       "    </tr>\n",
       "    <tr>\n",
       "      <th>8</th>\n",
       "      <td>jett</td>\n",
       "      <td>65002300009</td>\n",
       "      <td>1/5/2005</td>\n",
       "      <td>158</td>\n",
       "    </tr>\n",
       "    <tr>\n",
       "      <th>9</th>\n",
       "      <td>imam</td>\n",
       "      <td>65002300010</td>\n",
       "      <td>1/5/2005</td>\n",
       "      <td>170</td>\n",
       "    </tr>\n",
       "    <tr>\n",
       "      <th>10</th>\n",
       "      <td>faiz</td>\n",
       "      <td>65002300011</td>\n",
       "      <td>1/5/2005</td>\n",
       "      <td>168</td>\n",
       "    </tr>\n",
       "    <tr>\n",
       "      <th>11</th>\n",
       "      <td>dony</td>\n",
       "      <td>65002300012</td>\n",
       "      <td>1/5/2005</td>\n",
       "      <td>185</td>\n",
       "    </tr>\n",
       "    <tr>\n",
       "      <th>12</th>\n",
       "      <td>monic</td>\n",
       "      <td>65002300013</td>\n",
       "      <td>1/5/2005</td>\n",
       "      <td>155</td>\n",
       "    </tr>\n",
       "    <tr>\n",
       "      <th>13</th>\n",
       "      <td>syifa</td>\n",
       "      <td>65002300014</td>\n",
       "      <td>1/5/2005</td>\n",
       "      <td>169</td>\n",
       "    </tr>\n",
       "    <tr>\n",
       "      <th>14</th>\n",
       "      <td>daniel</td>\n",
       "      <td>65002300015</td>\n",
       "      <td>1/5/2005</td>\n",
       "      <td>160</td>\n",
       "    </tr>\n",
       "  </tbody>\n",
       "</table>\n",
       "</div>"
      ],
      "text/plain": [
       "       nama          nim       ttl  tinggi\n",
       "0     felix  65002300001  1/1/2005     171\n",
       "1   dewanto  65002300002  1/2/2005     165\n",
       "2   bambang  65002300003  1/3/2005     175\n",
       "3    rayyan  65002300004  1/4/2005     172\n",
       "4      bayu  65002300005  1/5/2005     130\n",
       "5      vira  65002300006  1/5/2005     175\n",
       "6      adit  65002300007  1/5/2005     163\n",
       "7    rayhan  65002300008  1/5/2005     180\n",
       "8      jett  65002300009  1/5/2005     158\n",
       "9      imam  65002300010  1/5/2005     170\n",
       "10     faiz  65002300011  1/5/2005     168\n",
       "11     dony  65002300012  1/5/2005     185\n",
       "12    monic  65002300013  1/5/2005     155\n",
       "13    syifa  65002300014  1/5/2005     169\n",
       "14   daniel  65002300015  1/5/2005     160"
      ]
     },
     "execution_count": 17,
     "metadata": {},
     "output_type": "execute_result"
    }
   ],
   "source": [
    "df = pd.read_csv(\"Downloads/Data mahasiswa.csv\")\n",
    "df\n"
   ]
  },
  {
   "cell_type": "code",
   "execution_count": 18,
   "id": "8e8685ce",
   "metadata": {},
   "outputs": [
    {
     "data": {
      "text/html": [
       "<div>\n",
       "<style scoped>\n",
       "    .dataframe tbody tr th:only-of-type {\n",
       "        vertical-align: middle;\n",
       "    }\n",
       "\n",
       "    .dataframe tbody tr th {\n",
       "        vertical-align: top;\n",
       "    }\n",
       "\n",
       "    .dataframe thead th {\n",
       "        text-align: right;\n",
       "    }\n",
       "</style>\n",
       "<table border=\"1\" class=\"dataframe\">\n",
       "  <thead>\n",
       "    <tr style=\"text-align: right;\">\n",
       "      <th></th>\n",
       "      <th>nama</th>\n",
       "      <th>nim</th>\n",
       "      <th>ttl</th>\n",
       "      <th>tinggi</th>\n",
       "    </tr>\n",
       "  </thead>\n",
       "  <tbody>\n",
       "    <tr>\n",
       "      <th>0</th>\n",
       "      <td>felix</td>\n",
       "      <td>65002300001</td>\n",
       "      <td>2005-01-01</td>\n",
       "      <td>171</td>\n",
       "    </tr>\n",
       "    <tr>\n",
       "      <th>1</th>\n",
       "      <td>dewanto</td>\n",
       "      <td>65002300002</td>\n",
       "      <td>2005-02-01</td>\n",
       "      <td>165</td>\n",
       "    </tr>\n",
       "    <tr>\n",
       "      <th>2</th>\n",
       "      <td>bambang</td>\n",
       "      <td>65002300003</td>\n",
       "      <td>2005-03-01</td>\n",
       "      <td>175</td>\n",
       "    </tr>\n",
       "    <tr>\n",
       "      <th>3</th>\n",
       "      <td>rayyan</td>\n",
       "      <td>65002300004</td>\n",
       "      <td>2005-04-01</td>\n",
       "      <td>172</td>\n",
       "    </tr>\n",
       "    <tr>\n",
       "      <th>4</th>\n",
       "      <td>bayu</td>\n",
       "      <td>65002300005</td>\n",
       "      <td>2005-05-01</td>\n",
       "      <td>130</td>\n",
       "    </tr>\n",
       "    <tr>\n",
       "      <th>5</th>\n",
       "      <td>vira</td>\n",
       "      <td>65002300006</td>\n",
       "      <td>2005-05-01</td>\n",
       "      <td>175</td>\n",
       "    </tr>\n",
       "    <tr>\n",
       "      <th>6</th>\n",
       "      <td>adit</td>\n",
       "      <td>65002300007</td>\n",
       "      <td>2005-05-01</td>\n",
       "      <td>163</td>\n",
       "    </tr>\n",
       "    <tr>\n",
       "      <th>7</th>\n",
       "      <td>rayhan</td>\n",
       "      <td>65002300008</td>\n",
       "      <td>2005-05-01</td>\n",
       "      <td>180</td>\n",
       "    </tr>\n",
       "    <tr>\n",
       "      <th>8</th>\n",
       "      <td>jett</td>\n",
       "      <td>65002300009</td>\n",
       "      <td>2005-05-01</td>\n",
       "      <td>158</td>\n",
       "    </tr>\n",
       "    <tr>\n",
       "      <th>9</th>\n",
       "      <td>imam</td>\n",
       "      <td>65002300010</td>\n",
       "      <td>2005-05-01</td>\n",
       "      <td>170</td>\n",
       "    </tr>\n",
       "    <tr>\n",
       "      <th>10</th>\n",
       "      <td>faiz</td>\n",
       "      <td>65002300011</td>\n",
       "      <td>2005-05-01</td>\n",
       "      <td>168</td>\n",
       "    </tr>\n",
       "    <tr>\n",
       "      <th>11</th>\n",
       "      <td>dony</td>\n",
       "      <td>65002300012</td>\n",
       "      <td>2005-05-01</td>\n",
       "      <td>185</td>\n",
       "    </tr>\n",
       "    <tr>\n",
       "      <th>12</th>\n",
       "      <td>monic</td>\n",
       "      <td>65002300013</td>\n",
       "      <td>2005-05-01</td>\n",
       "      <td>155</td>\n",
       "    </tr>\n",
       "    <tr>\n",
       "      <th>13</th>\n",
       "      <td>syifa</td>\n",
       "      <td>65002300014</td>\n",
       "      <td>2005-05-01</td>\n",
       "      <td>169</td>\n",
       "    </tr>\n",
       "    <tr>\n",
       "      <th>14</th>\n",
       "      <td>daniel</td>\n",
       "      <td>65002300015</td>\n",
       "      <td>2005-05-01</td>\n",
       "      <td>160</td>\n",
       "    </tr>\n",
       "  </tbody>\n",
       "</table>\n",
       "</div>"
      ],
      "text/plain": [
       "       nama          nim        ttl  tinggi\n",
       "0     felix  65002300001 2005-01-01     171\n",
       "1   dewanto  65002300002 2005-02-01     165\n",
       "2   bambang  65002300003 2005-03-01     175\n",
       "3    rayyan  65002300004 2005-04-01     172\n",
       "4      bayu  65002300005 2005-05-01     130\n",
       "5      vira  65002300006 2005-05-01     175\n",
       "6      adit  65002300007 2005-05-01     163\n",
       "7    rayhan  65002300008 2005-05-01     180\n",
       "8      jett  65002300009 2005-05-01     158\n",
       "9      imam  65002300010 2005-05-01     170\n",
       "10     faiz  65002300011 2005-05-01     168\n",
       "11     dony  65002300012 2005-05-01     185\n",
       "12    monic  65002300013 2005-05-01     155\n",
       "13    syifa  65002300014 2005-05-01     169\n",
       "14   daniel  65002300015 2005-05-01     160"
      ]
     },
     "execution_count": 18,
     "metadata": {},
     "output_type": "execute_result"
    }
   ],
   "source": [
    "df = pd.read_excel(\"Downloads/Data mahasiswa.xlsx\")\n",
    "df\n"
   ]
  },
  {
   "cell_type": "code",
   "execution_count": 21,
   "id": "dc6bed2e",
   "metadata": {},
   "outputs": [
    {
     "data": {
      "text/html": [
       "<div>\n",
       "<style scoped>\n",
       "    .dataframe tbody tr th:only-of-type {\n",
       "        vertical-align: middle;\n",
       "    }\n",
       "\n",
       "    .dataframe tbody tr th {\n",
       "        vertical-align: top;\n",
       "    }\n",
       "\n",
       "    .dataframe thead th {\n",
       "        text-align: right;\n",
       "    }\n",
       "</style>\n",
       "<table border=\"1\" class=\"dataframe\">\n",
       "  <thead>\n",
       "    <tr style=\"text-align: right;\">\n",
       "      <th></th>\n",
       "      <th>nama</th>\n",
       "      <th>nim</th>\n",
       "      <th>ttl</th>\n",
       "      <th>tinggi</th>\n",
       "    </tr>\n",
       "  </thead>\n",
       "  <tbody>\n",
       "    <tr>\n",
       "      <th>0</th>\n",
       "      <td>felix</td>\n",
       "      <td>65002300001</td>\n",
       "      <td>1/1/2005</td>\n",
       "      <td>171</td>\n",
       "    </tr>\n",
       "    <tr>\n",
       "      <th>1</th>\n",
       "      <td>dewanto</td>\n",
       "      <td>65002300002</td>\n",
       "      <td>1/2/2005</td>\n",
       "      <td>165</td>\n",
       "    </tr>\n",
       "    <tr>\n",
       "      <th>2</th>\n",
       "      <td>bambang</td>\n",
       "      <td>65002300003</td>\n",
       "      <td>1/3/2005</td>\n",
       "      <td>175</td>\n",
       "    </tr>\n",
       "    <tr>\n",
       "      <th>3</th>\n",
       "      <td>rayyan</td>\n",
       "      <td>65002300004</td>\n",
       "      <td>1/4/2005</td>\n",
       "      <td>172</td>\n",
       "    </tr>\n",
       "    <tr>\n",
       "      <th>4</th>\n",
       "      <td>bayu</td>\n",
       "      <td>65002300005</td>\n",
       "      <td>1/5/2005</td>\n",
       "      <td>130</td>\n",
       "    </tr>\n",
       "    <tr>\n",
       "      <th>5</th>\n",
       "      <td>vira</td>\n",
       "      <td>65002300006</td>\n",
       "      <td>1/5/2005</td>\n",
       "      <td>175</td>\n",
       "    </tr>\n",
       "    <tr>\n",
       "      <th>6</th>\n",
       "      <td>adit</td>\n",
       "      <td>65002300007</td>\n",
       "      <td>1/5/2005</td>\n",
       "      <td>163</td>\n",
       "    </tr>\n",
       "    <tr>\n",
       "      <th>7</th>\n",
       "      <td>rayhan</td>\n",
       "      <td>65002300008</td>\n",
       "      <td>1/5/2005</td>\n",
       "      <td>180</td>\n",
       "    </tr>\n",
       "    <tr>\n",
       "      <th>8</th>\n",
       "      <td>jett</td>\n",
       "      <td>65002300009</td>\n",
       "      <td>1/5/2005</td>\n",
       "      <td>158</td>\n",
       "    </tr>\n",
       "    <tr>\n",
       "      <th>9</th>\n",
       "      <td>imam</td>\n",
       "      <td>65002300010</td>\n",
       "      <td>1/5/2005</td>\n",
       "      <td>170</td>\n",
       "    </tr>\n",
       "    <tr>\n",
       "      <th>10</th>\n",
       "      <td>faiz</td>\n",
       "      <td>65002300011</td>\n",
       "      <td>1/5/2005</td>\n",
       "      <td>168</td>\n",
       "    </tr>\n",
       "    <tr>\n",
       "      <th>11</th>\n",
       "      <td>dony</td>\n",
       "      <td>65002300012</td>\n",
       "      <td>1/5/2005</td>\n",
       "      <td>185</td>\n",
       "    </tr>\n",
       "    <tr>\n",
       "      <th>12</th>\n",
       "      <td>monic</td>\n",
       "      <td>65002300013</td>\n",
       "      <td>1/5/2005</td>\n",
       "      <td>155</td>\n",
       "    </tr>\n",
       "    <tr>\n",
       "      <th>13</th>\n",
       "      <td>syifa</td>\n",
       "      <td>65002300014</td>\n",
       "      <td>1/5/2005</td>\n",
       "      <td>169</td>\n",
       "    </tr>\n",
       "    <tr>\n",
       "      <th>14</th>\n",
       "      <td>daniel</td>\n",
       "      <td>65002300015</td>\n",
       "      <td>1/5/2005</td>\n",
       "      <td>160</td>\n",
       "    </tr>\n",
       "  </tbody>\n",
       "</table>\n",
       "</div>"
      ],
      "text/plain": [
       "       nama          nim       ttl  tinggi\n",
       "0     felix  65002300001  1/1/2005     171\n",
       "1   dewanto  65002300002  1/2/2005     165\n",
       "2   bambang  65002300003  1/3/2005     175\n",
       "3    rayyan  65002300004  1/4/2005     172\n",
       "4      bayu  65002300005  1/5/2005     130\n",
       "5      vira  65002300006  1/5/2005     175\n",
       "6      adit  65002300007  1/5/2005     163\n",
       "7    rayhan  65002300008  1/5/2005     180\n",
       "8      jett  65002300009  1/5/2005     158\n",
       "9      imam  65002300010  1/5/2005     170\n",
       "10     faiz  65002300011  1/5/2005     168\n",
       "11     dony  65002300012  1/5/2005     185\n",
       "12    monic  65002300013  1/5/2005     155\n",
       "13    syifa  65002300014  1/5/2005     169\n",
       "14   daniel  65002300015  1/5/2005     160"
      ]
     },
     "execution_count": 21,
     "metadata": {},
     "output_type": "execute_result"
    }
   ],
   "source": [
    "data_nama = pd.read_csv(\"Downloads/Data mahasiswa.csv\")\n",
    "data_nama"
   ]
  },
  {
   "cell_type": "code",
   "execution_count": null,
   "id": "5e4dddb0",
   "metadata": {},
   "outputs": [],
   "source": []
  }
 ],
 "metadata": {
  "kernelspec": {
   "display_name": "Python 3 (ipykernel)",
   "language": "python",
   "name": "python3"
  },
  "language_info": {
   "codemirror_mode": {
    "name": "ipython",
    "version": 3
   },
   "file_extension": ".py",
   "mimetype": "text/x-python",
   "name": "python",
   "nbconvert_exporter": "python",
   "pygments_lexer": "ipython3",
   "version": "3.11.4"
  }
 },
 "nbformat": 4,
 "nbformat_minor": 5
}
